   0.0000000e+00   0.0000000e+00  -0.0000000e+00  -0.0000000e+00  -0.0000000e+00   0.0000000e+00   0.0000000e+00   0.0000000e+00   0.0000000e+00   0.0000000e+00   7.3633207e-06   0.0000000e+00   0.0000000e+00   0.0000000e+00   0.0000000e+00   0.0000000e+00  -0.0000000e+00  -0.0000000e+00  -0.0000000e+00   0.0000000e+00   0.0000000e+00
   0.0000000e+00  -0.0000000e+00  -0.0000000e+00  -0.0000000e+00   0.0000000e+00   0.0000000e+00   9.9022245e-06  -9.9925971e-07  -1.0537604e-05  -1.3228926e-05  -1.2906245e-05  -1.3228926e-05  -1.0537604e-05  -9.9925971e-07   9.9022245e-06   0.0000000e+00   0.0000000e+00  -0.0000000e+00  -0.0000000e+00  -0.0000000e+00   0.0000000e+00
  -0.0000000e+00  -0.0000000e+00   0.0000000e+00   0.0000000e+00   2.4728735e-05   8.3992305e-06  -1.9064050e-05  -4.5946268e-05  -5.3760363e-05  -4.4442205e-05  -3.7524185e-05  -4.4442205e-05  -5.3760363e-05  -4.5946268e-05  -1.9064050e-05   8.3992305e-06   2.4728735e-05   0.0000000e+00   0.0000000e+00  -0.0000000e+00  -0.0000000e+00
  -0.0000000e+00  -0.0000000e+00   0.0000000e+00   3.6472655e-05   1.7199104e-05  -2.8858374e-05  -7.4575483e-05  -8.1185581e-05  -3.2812420e-05   3.1048220e-05   5.9422589e-05   3.1048220e-05  -3.2812420e-05  -8.1185581e-05  -7.4575483e-05  -2.8858374e-05   1.7199104e-05   3.6472655e-05   0.0000000e+00  -0.0000000e+00  -0.0000000e+00
  -0.0000000e+00   0.0000000e+00   2.4728735e-05   1.7199104e-05  -2.9197428e-05  -8.5319764e-05  -6.9304815e-05   6.1141404e-05   2.3491006e-04   3.5269368e-04   3.8883844e-04   3.5269368e-04   2.3491006e-04   6.1141404e-05  -6.9304815e-05  -8.5319764e-05  -2.9197428e-05   1.7199104e-05   2.4728735e-05   0.0000000e+00  -0.0000000e+00
   0.0000000e+00   0.0000000e+00   8.3992305e-06  -2.8858374e-05  -8.5319764e-05  -5.4036416e-05   1.6293519e-04   4.3670950e-04   5.0257520e-04   3.2855556e-04   2.0579024e-04   3.2855556e-04   5.0257520e-04   4.3670950e-04   1.6293519e-04  -5.4036416e-05  -8.5319764e-05  -2.8858374e-05   8.3992305e-06   0.0000000e+00   0.0000000e+00
   0.0000000e+00   9.9022245e-06  -1.9064050e-05  -7.4575483e-05  -6.9304815e-05   1.6293519e-04   5.1298516e-04   3.9682933e-04  -6.6764063e-04  -2.1999850e-03  -2.9433000e-03  -2.1999850e-03  -6.6764063e-04   3.9682933e-04   5.1298516e-04   1.6293519e-04  -6.9304815e-05  -7.4575483e-05  -1.9064050e-05   9.9022245e-06   0.0000000e+00
   0.0000000e+00  -9.9925971e-07  -4.5946268e-05  -8.1185581e-05   6.1141404e-05   4.3670950e-04   3.9682933e-04  -1.3679917e-03  -5.3771477e-03  -9.9552993e-03  -1.2025360e-02  -9.9552993e-03  -5.3771477e-03  -1.3679917e-03   3.9682933e-04   4.3670950e-04   6.1141404e-05  -8.1185581e-05  -4.5946268e-05  -9.9925971e-07   0.0000000e+00
   0.0000000e+00  -1.0537604e-05  -5.3760363e-05  -3.2812420e-05   2.3491006e-04   5.0257520e-04  -6.6764063e-04  -5.3771477e-03  -1.3948939e-02  -2.2880908e-02  -2.6844249e-02  -2.2880908e-02  -1.3948939e-02  -5.3771477e-03  -6.6764063e-04   5.0257520e-04   2.3491006e-04  -3.2812420e-05  -5.3760363e-05  -1.0537604e-05   0.0000000e+00
   0.0000000e+00  -1.3228926e-05  -4.4442205e-05   3.1048220e-05   3.5269368e-04   3.2855556e-04  -2.1999850e-03  -9.9552993e-03  -2.2880908e-02  -3.5826761e-02  -4.1580881e-02  -3.5826761e-02  -2.2880908e-02  -9.9552993e-03  -2.1999850e-03   3.2855556e-04   3.5269368e-04   3.1048220e-05  -4.4442205e-05  -1.3228926e-05   0.0000000e+00
   7.3633207e-06  -1.2906245e-05  -3.7524185e-05   5.9422589e-05   3.8883844e-04   2.0579024e-04  -2.9433000e-03  -1.2025360e-02  -2.6844249e-02  -4.1580881e-02   9.5216230e-01  -4.1580881e-02  -2.6844249e-02  -1.2025360e-02  -2.9433000e-03   2.0579024e-04   3.8883844e-04   5.9422589e-05  -3.7524185e-05  -1.2906245e-05   7.3633207e-06
   0.0000000e+00  -1.3228926e-05  -4.4442205e-05   3.1048220e-05   3.5269368e-04   3.2855556e-04  -2.1999850e-03  -9.9552993e-03  -2.2880908e-02  -3.5826761e-02  -4.1580881e-02  -3.5826761e-02  -2.2880908e-02  -9.9552993e-03  -2.1999850e-03   3.2855556e-04   3.5269368e-04   3.1048220e-05  -4.4442205e-05  -1.3228926e-05   0.0000000e+00
   0.0000000e+00  -1.0537604e-05  -5.3760363e-05  -3.2812420e-05   2.3491006e-04   5.0257520e-04  -6.6764063e-04  -5.3771477e-03  -1.3948939e-02  -2.2880908e-02  -2.6844249e-02  -2.2880908e-02  -1.3948939e-02  -5.3771477e-03  -6.6764063e-04   5.0257520e-04   2.3491006e-04  -3.2812420e-05  -5.3760363e-05  -1.0537604e-05   0.0000000e+00
   0.0000000e+00  -9.9925971e-07  -4.5946268e-05  -8.1185581e-05   6.1141404e-05   4.3670950e-04   3.9682933e-04  -1.3679917e-03  -5.3771477e-03  -9.9552993e-03  -1.2025360e-02  -9.9552993e-03  -5.3771477e-03  -1.3679917e-03   3.9682933e-04   4.3670950e-04   6.1141404e-05  -8.1185581e-05  -4.5946268e-05  -9.9925971e-07   0.0000000e+00
   0.0000000e+00   9.9022245e-06  -1.9064050e-05  -7.4575483e-05  -6.9304815e-05   1.6293519e-04   5.1298516e-04   3.9682933e-04  -6.6764063e-04  -2.1999850e-03  -2.9433000e-03  -2.1999850e-03  -6.6764063e-04   3.9682933e-04   5.1298516e-04   1.6293519e-04  -6.9304815e-05  -7.4575483e-05  -1.9064050e-05   9.9022245e-06   0.0000000e+00
   0.0000000e+00   0.0000000e+00   8.3992305e-06  -2.8858374e-05  -8.5319764e-05  -5.4036416e-05   1.6293519e-04   4.3670950e-04   5.0257520e-04   3.2855556e-04   2.0579024e-04   3.2855556e-04   5.0257520e-04   4.3670950e-04   1.6293519e-04  -5.4036416e-05  -8.5319764e-05  -2.8858374e-05   8.3992305e-06   0.0000000e+00   0.0000000e+00
  -0.0000000e+00   0.0000000e+00   2.4728735e-05   1.7199104e-05  -2.9197428e-05  -8.5319764e-05  -6.9304815e-05   6.1141404e-05   2.3491006e-04   3.5269368e-04   3.8883844e-04   3.5269368e-04   2.3491006e-04   6.1141404e-05  -6.9304815e-05  -8.5319764e-05  -2.9197428e-05   1.7199104e-05   2.4728735e-05   0.0000000e+00  -0.0000000e+00
  -0.0000000e+00  -0.0000000e+00   0.0000000e+00   3.6472655e-05   1.7199104e-05  -2.8858374e-05  -7.4575483e-05  -8.1185581e-05  -3.2812420e-05   3.1048220e-05   5.9422589e-05   3.1048220e-05  -3.2812420e-05  -8.1185581e-05  -7.4575483e-05  -2.8858374e-05   1.7199104e-05   3.6472655e-05   0.0000000e+00  -0.0000000e+00  -0.0000000e+00
  -0.0000000e+00  -0.0000000e+00   0.0000000e+00   0.0000000e+00   2.4728735e-05   8.3992305e-06  -1.9064050e-05  -4.5946268e-05  -5.3760363e-05  -4.4442205e-05  -3.7524185e-05  -4.4442205e-05  -5.3760363e-05  -4.5946268e-05  -1.9064050e-05   8.3992305e-06   2.4728735e-05   0.0000000e+00   0.0000000e+00  -0.0000000e+00  -0.0000000e+00
   0.0000000e+00  -0.0000000e+00  -0.0000000e+00  -0.0000000e+00   0.0000000e+00   0.0000000e+00   9.9022245e-06  -9.9925971e-07  -1.0537604e-05  -1.3228926e-05  -1.2906245e-05  -1.3228926e-05  -1.0537604e-05  -9.9925971e-07   9.9022245e-06   0.0000000e+00   0.0000000e+00  -0.0000000e+00  -0.0000000e+00  -0.0000000e+00   0.0000000e+00
   0.0000000e+00   0.0000000e+00  -0.0000000e+00  -0.0000000e+00  -0.0000000e+00   0.0000000e+00   0.0000000e+00   0.0000000e+00   0.0000000e+00   0.0000000e+00   7.3633207e-06   0.0000000e+00   0.0000000e+00   0.0000000e+00   0.0000000e+00   0.0000000e+00  -0.0000000e+00  -0.0000000e+00  -0.0000000e+00   0.0000000e+00   0.0000000e+00
